9
198
420
0.487675
0.487675
0
10
740
420
0.487675
0.487675
0
5
198.5
329
0.487675
0.487675
0
6
741.718
329.937
0.487675
0.487675
0
9
406.635
408.635
0.579567
0.579567
0
10
519
407
0.589812
0.589812
0
7
465
312
0.54036
0.54036
0
8
465
216
0.54036
0.54036
0
11
468
123.5
0.513342
0.513342
0
12
468
31.5
0.513342
0.513342
0
17
461
-74
0.463291
0.463291
0
7
208
257
0.377353
0.377353
0
8
748
257
0.375469
0.375469
0
1
214
197
1
1
0
3
215
135
1
1
0
2
752
195
1
1
0
4
751
132
1
1
0
13
209.5
56.5
0.184026
0.184026
0
14
744
56
0.166083
0.166083
0
17
210
-22
0.323533
0.323533
0
18
745
-22
0.323533
0.323533
0
11
102
424.5
0.463291
0.463291
0
12
849
424.5
0.460977
0.460977
0
