5
125.5
424
0.487675
0.487675
0
6
818.5
424
0.487675
0.487675
0
9
771
214
0.388366
0.388366
0
10
174
214
0.388366
0.388366
0
7
170.55
349.55
0.41812
0.41812
0
8
767
351
0.41812
0.41812
0
6
172.5
283
0.397214
0.397214
0
5
769.5
285
0.396221
0.396221
0
10
715
424
0.486456
0.486456
0
9
222
424
0.482816
0.482816
0
12
176
149.5
0.377353
0.377353
0
11
773
141.5
0.377353
0.377353
0
2
180
90
1
1
0
1
778
87
1
1
0
4
180
32
1
1
0
3
777
29
1
1
0
13
180.5
-23.5
0.142396
0.142396
0
14
777
-24
0.128191
0.128191
0
17
187
-69
0.184026
0.184026
0
18
783
-69
0.203907
0.203907
0
