5
241.5
424
0.487675
0.487675
0
6
681.718
424.937
0.487675
0.487675
0
9
764
354
0.388366
0.388366
0
10
174
354
0.388366
0.388366
0
7
387.55
379.55
0.291989
0.291989
0
8
567
379
0.291989
0.291989
0
6
250.5
279
0.397214
0.397214
0
5
687.5
280
0.396221
0.396221
0
10
679
343
0.486456
0.486456
0
9
242
343
0.482816
0.482816
0
12
688
215.5
0.377353
0.377353
0
11
254
213.5
0.377353
0.377353
0
2
692
158
1
1
0
1
259
156
1
1
0
4
838
360
1
1
0
3
111
360
1
1
0
13
565.5
318.5
0.142396
0.142396
0
14
387
318
0.128191
0.128191
0
17
255
87
0.299759
0.299759
0
18
688
87
0.291259
0.291259
0
7
377.55
429.55
0.41812
0.41812
0
8
557
429
0.41812
0.41812
0
