5
351.5
424
0.487675
0.487675
0
6
581.718
424.937
0.487675
0.487675
0
9
641
282
0.388366
0.388366
0
10
304
284
0.388366
0.388366
0
7
357.55
349.55
0.41812
0.41812
0
8
587
351
0.41812
0.41812
0
6
249.5
352
0.397214
0.397214
0
5
690.5
352
0.396221
0.396221
0
10
685
423
0.486456
0.486456
0
9
242
423
0.482816
0.482816
0
12
306
217.5
0.377353
0.377353
0
11
641
213.5
0.377353
0.377353
0
2
580
160
1
1
0
1
367
158
1
1
0
4
520
100
1
1
0
3
427
99
1
1
0
13
160.5
436.5
0.142396
0.142396
0
14
807
436
0.128191
0.128191
0
17
467
27
0.299759
0.299759
0
18
476
-25
0.203907
0.203907
0
