5
230.5
422
0.487675
0.487675
0
6
316.5
340
0.476811
0.476811
0
9
404
257
0.457529
0.457529
0
10
581
255
0.463291
0.463291
0
7
674
327
0.478006
0.478006
0
2
418
189
1
1
0
1
594
183
1
1
0
3
421
119
1
1
0
4
594
117
1
1
0
13
593.5
-6.5
0.142396
0.142396
0
14
422.362
-6.63816
0.128191
0.128191
0
8
761
419
0.463291
0.463291
0
12
422
55.5
0.321113
0.321113
0
11
594
53.5
0.322725
0.322725
0
17
425
-64
0.237827
0.237827
0
18
594
-64
0.237827
0.237827
0
17
237
344
0.291989
0.291989
0
18
767
344
0.290531
0.290531
0
