9
489
430
0.440127
0.440127
0
10
489
346
0.440127
0.440127
0
6
490.5
266
0.440127
0.440127
0
5
491.5
183
0.440127
0.440127
0
13
507.5
12.5
0.104674
0.104674
0
13
500.5
119.5
0.142396
0.142396
0
13
504.5
61.5
0.122086
0.122086
0
2
419
188
1
1
0
1
579
187
1
1
0
3
356
188
1
1
0
4
643
186
1
1
0
7
294.717
189.717
0.303534
0.303534
0
5
705.5
187
0.322725
0.322725
0
11
232
187.5
0.323533
0.323533
0
12
767
184.5
0.319509
0.319509
0
