9
433.79
429.79
0.440127
0.440127
0
10
558
429
0.440127
0.440127
0
6
558.5
346
0.440127
0.440127
0
5
435.5
346
0.440127
0.440127
0
13
567.5
213.5
0.142396
0.142396
0
13
571.5
155.5
0.122086
0.122086
0
2
568
278
1
1
0
1
446
278
1
1
0
7
294.717
379.717
0.303534
0.303534
0
11
292
444.5
0.323533
0.323533
0
12
737
444.5
0.319509
0.319509
0
14
451
155
0.109359
0.109359
0
14
447
213
0.128191
0.128191
0
8
737
379
0.305822
0.305822
0
17
482
41
0.455244
0.455244
0
18
729
300
0.322725
0.322725
0
17
287
300
0.323533
0.323533
0
