10
626
419
0.503164
0.503164
0
5
307.5
321
0.513342
0.513342
0
6
626.5
324
0.512059
0.512059
0
9
307
419
0.512059
0.512059
0
8
310
224
0.48524
0.48524
0
7
627
227
0.486456
0.486456
0
12
636
64.5
0.340562
0.340562
0
11
322.436
61.5848
0.340562
0.340562
0
11
313
133.5
0.440127
0.440127
0
12
628
136.5
0.440127
0.440127
0
1
399
242
1
1
0
2
484
242
1
1
0
3
562
241
1
1
0
5
328.5
5
0.26352
0.26352
0
6
641.5
5
0.26352
0.26352
0
